            mano  probabilidad_grande  probabilidad_chica  probabilidad_pares  probabilidad_juego  prob_rival_pares_condicionada  prob_rival_juego_condicionada
    [1, 1, 1, 1]               0.0000              1.0000              0.9373              0.0000                         0.7841                         0.6272
   [1, 1, 1, 12]               0.1437              0.9896              0.8817              0.0001                         0.7764                         0.5458
    [1, 1, 1, 4]               0.0000              0.9987              0.8575              0.0000                         0.8030                         0.6182
    [1, 1, 1, 5]               0.0000              0.9982              0.8573              0.0000                         0.7977                         0.6092
    [1, 1, 1, 6]               0.0000              0.9948              0.8601              0.0000                         0.7951                         0.6042
    [1, 1, 1, 7]               0.0008              0.9936              0.8590              0.0000                         0.7979                         0.5952
   [1, 1, 1, 10]               0.0064              0.9945              0.8565              0.0001                         0.7944                         0.5633
   [1, 1, 1, 11]               0.0353              0.9918              0.8643              0.0001                         0.7920                         0.5581
  [1, 1, 12, 12]               0.7665              0.7660              0.9810              0.0721                         0.7810                         0.4863
   [1, 1, 12, 4]               0.1496              0.9356              0.2991              0.0018                         0.7919                         0.5446
   [1, 1, 12, 5]               0.1538              0.8906              0.3138              0.0039                         0.7844                         0.5387
   [1, 1, 12, 6]               0.1816              0.8456              0.3147              0.0076                         0.7813                         0.5198
   [1, 1, 12, 7]               0.2341              0.8201              0.3096              0.0152                         0.7884                         0.5210
  [1, 1, 12, 10]               0.3345              0.7936              0.3051              0.0787                         0.7929                         0.4734
  [1, 1, 12, 11]               0.4946              0.7765              0.3057              0.0775                         0.7873                         0.4835
    [1, 1, 4, 4]               0.0000              0.9767              0.9253              0.0000                         0.8096                         0.6090
    [1, 1, 4, 5]               0.0000              0.9760              0.2801              0.0000                         0.8097                         0.5977
    [1, 1, 4, 6]               0.0001              0.9675              0.2855              0.0001                         0.8083                         0.5890
    [1, 1, 4, 7]               0.0008              0.9621              0.2858              0.0001                         0.8074                         0.5733
   [1, 1, 4, 10]               0.0081              0.9561              0.2862              0.0016                         0.8042                         0.5477
   [1, 1, 4, 11]               0.0386              0.9500              0.2909              0.0014                         0.8034                         0.5440
    [1, 1, 5, 5]               0.0000              0.9245              0.9336              0.0000                         0.8070                         0.5873
    [1, 1, 5, 6]               0.0002              0.9147              0.2853              0.0003                         0.8072                         0.5815
    [1, 1, 5, 7]               0.0016              0.9076              0.2828              0.0004                         0.8095                         0.5759
   [1, 1, 5, 10]               0.0088              0.9077              0.2855              0.0033                         0.8062                         0.5242
   [1, 1, 5, 11]               0.0408              0.9037              0.2770              0.0045                         0.8094                         0.5390
    [1, 1, 6, 6]               0.0003              0.8782              0.9297              0.0002                         0.8118                         0.5666
    [1, 1, 6, 7]               0.0017              0.8713              0.2851              0.0009                         0.8061                         0.5583
   [1, 1, 6, 10]               0.0091              0.8686              0.2831              0.0078                         0.8067                         0.5294
   [1, 1, 6, 11]               0.0460              0.8583              0.2887              0.0076                         0.8042                         0.5291
    [1, 1, 7, 7]               0.0050              0.8439              0.9413              0.0029                         0.8150                         0.5434
   [1, 1, 7, 10]               0.0167              0.8328              0.2917              0.0148                         0.8022                         0.5042
   [1, 1, 7, 11]               0.0568              0.8240              0.2927              0.0155                         0.7993                         0.5179
  [1, 1, 10, 10]               0.0248              0.8097              0.9402              0.0792                         0.8178                         0.4842
  [1, 1, 10, 11]               0.0750              0.8072              0.2785              0.0748                         0.8120                         0.4957
  [1, 1, 11, 11]               0.1006              0.7853              0.9566              0.0746                         0.8137                         0.4770
 [1, 12, 12, 12]               0.9915              0.1420              0.9373              1.0000                         0.7804                         0.4149
  [1, 12, 12, 4]               0.7822              0.4938              0.8595              0.2041                         0.7947                         0.4696
  [1, 12, 12, 5]               0.8035              0.3260              0.8523              0.2732                         0.7878                         0.4672
  [1, 12, 12, 6]               0.8275              0.2309              0.8564              0.3555                         0.7882                         0.4518
  [1, 12, 12, 7]               0.8527              0.1764              0.8625              0.4449                         0.7938                         0.4508
 [1, 12, 12, 10]               0.8966              0.1541              0.8550              1.0000                         0.7913                         0.4180
 [1, 12, 12, 11]               0.9461              0.1473              0.8601              1.0000                         0.7849                         0.4104
   [1, 12, 4, 4]               0.1466              0.6879              0.3305              0.0188                         0.8078                         0.5354
   [1, 12, 4, 5]               0.1652              0.6284              0.1997              0.0255                         0.8003                         0.5305
   [1, 12, 4, 6]               0.1879              0.5873              0.1934              0.0384                         0.8066                         0.5171
   [1, 12, 4, 7]               0.2471              0.5442              0.1883              0.0895                         0.8117                         0.5165
  [1, 12, 4, 10]               0.3422              0.5227              0.1972              0.1985                         0.8028                         0.4751
  [1, 12, 4, 11]               0.5249              0.5108              0.1962              0.2030                         0.8038                         0.4652
   [1, 12, 5, 5]               0.1728              0.4324              0.3750              0.0397                         0.8092                         0.5127
   [1, 12, 5, 6]               0.2116              0.3932              0.1972              0.0880                         0.8028                         0.4990
   [1, 12, 5, 7]               0.2609              0.3711              0.1943              0.1087                         0.8057                         0.4905
  [1, 12, 5, 10]               0.3575              0.3456              0.2085              0.2659                         0.7915                         0.4570
  [1, 12, 5, 11]               0.5281              0.3369              0.2010              0.2660                         0.7990                         0.4691
   [1, 12, 6, 6]               0.2178              0.2885              0.4322              0.1167                         0.8129                         0.5031
   [1, 12, 6, 7]               0.2849              0.2705              0.1999              0.1386                         0.8001                         0.4844
  [1, 12, 6, 10]               0.3737              0.2505              0.1943              0.3516                         0.8057                         0.4546
  [1, 12, 6, 11]               0.5568              0.2411              0.1975              0.3543                         0.8025                         0.4606
   [1, 12, 7, 7]               0.2948              0.2100              0.4943              0.2073                         0.8102                         0.4742
  [1, 12, 7, 10]               0.4121              0.1960              0.1990              0.4467                         0.8010                         0.4494
  [1, 12, 7, 11]               0.5969              0.1925              0.1917              0.4510                         0.8083                         0.4410
 [1, 12, 10, 10]               0.4419              0.1678              0.5577              1.0000                         0.8086                         0.4093
 [1, 12, 10, 11]               0.6522              0.1568              0.1919              1.0000                         0.8081                         0.4123
 [1, 12, 11, 11]               0.6840              0.1508              0.6153              1.0000                         0.8074                         0.4117
    [1, 4, 4, 4]               0.0000              0.6874              0.8453              0.0002                         0.8386                         0.5938
    [1, 4, 4, 5]               0.0000              0.6976              0.3030              0.0013                         0.8241                         0.5875
    [1, 4, 4, 6]               0.0001              0.6956              0.3018              0.0010                         0.8219                         0.5841
    [1, 4, 4, 7]               0.0013              0.6845              0.3084              0.0027                         0.8231                         0.5656
   [1, 4, 4, 10]               0.0066              0.6870              0.3119              0.0224                         0.8169                         0.5354
   [1, 4, 4, 11]               0.0370              0.6866              0.3025              0.0190                         0.8256                         0.5260
    [1, 4, 5, 5]               0.0000              0.6696              0.3303              0.0009                         0.8276                         0.5734
    [1, 4, 5, 6]               0.0005              0.6675              0.1846              0.0027                         0.8154                         0.5635
    [1, 4, 5, 7]               0.0012              0.6598              0.1828              0.0055                         0.8172                         0.5579
   [1, 4, 5, 10]               0.0081              0.6563              0.1815              0.0227                         0.8185                         0.5341
   [1, 4, 5, 11]               0.0405              0.6465              0.1827              0.0253                         0.8173                         0.5281
    [1, 4, 6, 6]               0.0004              0.6101              0.3770              0.0057                         0.8240                         0.5625
    [1, 4, 6, 7]               0.0028              0.6025              0.1739              0.0117                         0.8261                         0.5457
   [1, 4, 6, 10]               0.0093              0.6103              0.1754              0.0384                         0.8246                         0.5252
   [1, 4, 6, 11]               0.0467              0.6008              0.1776              0.0378                         0.8224                         0.5222
    [1, 4, 7, 7]               0.0038              0.5697              0.4358              0.0180                         0.8273                         0.5395
   [1, 4, 7, 10]               0.0168              0.5704              0.1841              0.0834                         0.8159                         0.5134
   [1, 4, 7, 11]               0.0532              0.5605              0.1818              0.0791                         0.8182                         0.5104
  [1, 4, 10, 10]               0.0244              0.5381              0.4843              0.2023                         0.8261                         0.4762
  [1, 4, 10, 11]               0.0754              0.5326              0.1786              0.2069                         0.8214                         0.4740
  [1, 4, 11, 11]               0.0997              0.5146              0.5530              0.2074                         0.8215                         0.4716
    [1, 5, 5, 5]               0.0000              0.4381              0.8481              0.0028                         0.8365                         0.5658
    [1, 5, 5, 6]               0.0004              0.4321              0.3570              0.0052                         0.8239                         0.5624
    [1, 5, 5, 7]               0.0023              0.4382              0.3566              0.0116                         0.8222                         0.5469
   [1, 5, 5, 10]               0.0086              0.4360              0.3599              0.0399                         0.8118                         0.5077
   [1, 5, 5, 11]               0.0419              0.4319              0.3435              0.0401                         0.8263                         0.5172
    [1, 5, 6, 6]               0.0003              0.4252              0.3790              0.0072                         0.8259                         0.5488
    [1, 5, 6, 7]               0.0042              0.4243              0.1810              0.0210                         0.8190                         0.5475
   [1, 5, 6, 10]               0.0117              0.4126              0.1907              0.0872                         0.8093                         0.5072
   [1, 5, 6, 11]               0.0474              0.4097              0.1845              0.0829                         0.8155                         0.5059
    [1, 5, 7, 7]               0.0038              0.3863              0.4326              0.0249                         0.8235                         0.5384
   [1, 5, 7, 10]               0.0161              0.3798              0.1780              0.1134                         0.8220                         0.4938
   [1, 5, 7, 11]               0.0599              0.3883              0.1818              0.1095                         0.8182                         0.4889
  [1, 5, 10, 10]               0.0231              0.3674              0.4995              0.2689                         0.8201                         0.4589
  [1, 5, 10, 11]               0.0763              0.3535              0.1808              0.2753                         0.8192                         0.4656
  [1, 5, 11, 11]               0.0960              0.3414              0.5491              0.2735                         0.8315                         0.4599
    [1, 6, 6, 6]               0.0001              0.2933              0.8544              0.0176                         0.8342                         0.5504
    [1, 6, 6, 7]               0.0037              0.2942              0.4003              0.0290                         0.8246                         0.5233
   [1, 6, 6, 10]               0.0121              0.2910              0.3951              0.1126                         0.8298                         0.5089
   [1, 6, 6, 11]               0.0521              0.2959              0.4087              0.1116                         0.8211                         0.5053
    [1, 6, 7, 7]               0.0038              0.2826              0.4296              0.0449                         0.8266                         0.5128
   [1, 6, 7, 10]               0.0191              0.2800              0.1771              0.1385                         0.8229                         0.4886
   [1, 6, 7, 11]               0.0605              0.2792              0.1835              0.1348                         0.8165                         0.4902
  [1, 6, 10, 10]               0.0228              0.2615              0.4927              0.3601                         0.8222                         0.4562
  [1, 6, 10, 11]               0.0808              0.2683              0.1835              0.3409                         0.8165                         0.4597
  [1, 6, 11, 11]               0.1014              0.2495              0.5520              0.3502                         0.8231                         0.4577
    [1, 7, 7, 7]               0.0032              0.2122              0.8524              0.0858                         0.8395                         0.5185
   [1, 7, 7, 10]               0.0201              0.2131              0.4704              0.2100                         0.8247                         0.4792
   [1, 7, 7, 11]               0.0650              0.2163              0.4620              0.2098                         0.8214                         0.4814
  [1, 7, 10, 10]               0.0240              0.2118              0.4873              0.4490                         0.8267                         0.4507
  [1, 7, 10, 11]               0.0909              0.2017              0.1727              0.4509                         0.8273                         0.4488
  [1, 7, 11, 11]               0.1060              0.1905              0.5539              0.4542                         0.8235                         0.4437
 [1, 10, 10, 10]               0.0242              0.1633              0.8640              1.0000                         0.8324                         0.4093
 [1, 10, 10, 11]               0.0938              0.1715              0.5154              1.0000                         0.8254                         0.4122
 [1, 10, 11, 11]               0.1003              0.1646              0.5536              1.0000                         0.8277                         0.4157
 [1, 11, 11, 11]               0.1029              0.1582              0.8608              1.0000                         0.8281                         0.4155
[12, 12, 12, 12]               1.0000              0.0000              1.0000              0.8273                         0.7886                         0.3380
 [12, 12, 12, 4]               0.9928              0.0364              0.9331              0.6659                         0.7956                         0.4069
 [12, 12, 12, 5]               0.9936              0.0065              0.9287              0.7215                         0.7984                         0.3911
 [12, 12, 12, 6]               0.9961              0.0004              0.9323              0.7427                         0.7882                         0.3902
 [12, 12, 12, 7]               0.9975              0.0000              0.9315              0.7869                         0.7944                         0.3816
[12, 12, 12, 10]               0.9980              0.0000              0.9289              0.8244                         0.8022                         0.3376
[12, 12, 12, 11]               0.9999              0.0000              0.9300              0.8300                         0.8006                         0.3449
  [12, 12, 4, 4]               0.7803              0.0991              0.9828              0.4575                         0.8170                         0.4698
  [12, 12, 4, 5]               0.8105              0.0719              0.8409              0.5031                         0.8088                         0.4543
  [12, 12, 4, 6]               0.8351              0.0568              0.8405              0.5575                         0.8136                         0.4425
  [12, 12, 4, 7]               0.8575              0.0427              0.8367              1.0000                         0.8090                         0.4460
 [12, 12, 4, 10]               0.9110              0.0326              0.8369              0.6808                         0.8052                         0.3978
 [12, 12, 4, 11]               0.9540              0.0361              0.8388              0.6699                         0.8012                         0.4021
  [12, 12, 5, 5]               0.8113              0.0236              0.9907              0.5531                         0.8134                         0.4469
  [12, 12, 5, 6]               0.8455              0.0145              0.8397              1.0000                         0.8013                         0.4320
  [12, 12, 5, 7]               0.8670              0.0094              0.8439              0.8357                         0.8067                         0.4379
 [12, 12, 5, 10]               0.9077              0.0082              0.8445              0.7138                         0.8010                         0.3940
 [12, 12, 5, 11]               0.9556              0.0070              0.8423              0.7143                         0.8071                         0.3964
  [12, 12, 6, 6]               0.8442              0.0045              0.9899              0.8281                         0.8170                         0.4335
  [12, 12, 6, 7]               0.8780              0.0018              0.8407              0.5962                         0.8035                         0.4286
 [12, 12, 6, 10]               0.9134              0.0011              0.8402              0.7519                         0.8039                         0.3872
 [12, 12, 6, 11]               0.9670              0.0005              0.8442              0.7431                         0.8046                         0.3929
  [12, 12, 7, 7]               0.8750              0.0008              0.9923              0.6488                         0.8095                         0.4146
 [12, 12, 7, 10]               0.9239              0.0003              0.8359              0.7866                         0.8055                         0.3791
 [12, 12, 7, 11]               0.9707              0.0003              0.8355              0.7846                         0.8066                         0.3844
[12, 12, 10, 10]               0.9237              0.0000              0.9973              0.8262                         0.8122                         0.3406
[12, 12, 10, 11]               0.9801              0.0000              0.8439              0.8203                         0.8001                         0.3429
[12, 12, 11, 11]               0.9825              0.0000              0.9995              0.8269                         0.8063                         0.3389
   [12, 4, 4, 4]               0.1392              0.1040              0.8603              0.0809                         0.8378                         0.5343
   [12, 4, 4, 5]               0.1639              0.0976              0.3359              0.1165                         0.8232                         0.5112
   [12, 4, 4, 6]               0.1957              0.0985              0.3285              0.1473                         0.8293                         0.5096
   [12, 4, 4, 7]               0.2525              0.0989              0.3394              0.1949                         0.8269                         0.4898
  [12, 4, 4, 10]               0.3382              0.0967              0.3406              0.4515                         0.8249                         0.4721
  [12, 4, 4, 11]               0.5096              0.1013              0.3400              0.4608                         0.8291                         0.4703
   [12, 4, 5, 5]               0.1691              0.0927              0.3585              0.1460                         0.8350                         0.5073
   [12, 4, 5, 6]               0.2104              0.0882              0.1775              0.2083                         0.8225                         0.4927
   [12, 4, 5, 7]               0.2646              0.0785              0.1768              0.2720                         0.8232                         0.4880
  [12, 4, 5, 10]               0.3680              0.0732              0.1825              0.5088                         0.8175                         0.4473
  [12, 4, 5, 11]               0.5465              0.0754              0.1819              0.5054                         0.8181                         0.4543
   [12, 4, 6, 6]               0.2099              0.0682              0.4156              0.2787                         0.8262                         0.4910
   [12, 4, 6, 7]               0.2858              0.0596              0.1801              0.3570                         0.8199                         0.4820
  [12, 4, 6, 10]               0.3847              0.0548              0.1834              0.5509                         0.8166                         0.4491
  [12, 4, 6, 11]               0.5679              0.0541              0.1792              0.5535                         0.8208                         0.4465
   [12, 4, 7, 7]               0.3008              0.0541              0.4808              0.4343                         0.8290                         0.4783
  [12, 4, 7, 10]               0.4145              0.0466              0.1815              1.0000                         0.8185                         0.4426
  [12, 4, 7, 11]               0.6012              0.0462              0.1781              1.0000                         0.8219                         0.4369
 [12, 4, 10, 10]               0.4402              0.0406              0.5337              0.6681                         0.8257                         0.4019
 [12, 4, 10, 11]               0.6440              0.0390              0.1794              0.6747                         0.8206                         0.3995
 [12, 4, 11, 11]               0.6801              0.0374              0.5951              0.6644                         0.8256                         0.4151
   [12, 5, 5, 5]               0.1682              0.0222              0.8676              0.2159                         0.8346                         0.4997
   [12, 5, 5, 6]               0.2081              0.0222              0.3919              0.2708                         0.8265                         0.4920
   [12, 5, 5, 7]               0.2635              0.0270              0.3877              0.3496                         0.8248                         0.4888
  [12, 5, 5, 10]               0.3650              0.0231              0.4030              0.5590                         0.8264                         0.4410
  [12, 5, 5, 11]               0.5416              0.0237              0.3962              0.5597                         0.8214                         0.4403
   [12, 5, 6, 6]               0.2067              0.0207              0.4165              0.3289                         0.8275                         0.4849
   [12, 5, 6, 7]               0.2810              0.0207              0.1844              0.4388                         0.8156                         0.4788
  [12, 5, 6, 10]               0.3929              0.0166              0.1799              1.0000                         0.8201                         0.4419
  [12, 5, 6, 11]               0.5735              0.0157              0.1773              1.0000                         0.8227                         0.4389
   [12, 5, 7, 7]               0.3019              0.0133              0.4823              0.4932                         0.8209                         0.4560
  [12, 5, 7, 10]               0.4234              0.0106              0.1795              0.8326                         0.8205                         0.4291
  [12, 5, 7, 11]               0.6104              0.0103              0.1863              0.8294                         0.8137                         0.4279
 [12, 5, 10, 10]               0.4383              0.0088              0.5367              0.7117                         0.8236                         0.3921
 [12, 5, 10, 11]               0.6570              0.0084              0.1786              0.7126                         0.8214                         0.3964
 [12, 5, 11, 11]               0.6866              0.0062              0.5999              0.7128                         0.8274                         0.3954
   [12, 6, 6, 6]               0.2061              0.0036              0.8748              0.4325                         0.8290                         0.4820
   [12, 6, 6, 7]               0.2882              0.0044              0.4460              0.4889                         0.8231                         0.4725
  [12, 6, 6, 10]               0.3866              0.0028              0.4407              0.8254                         0.8315                         0.4405
  [12, 6, 6, 11]               0.5622              0.0025              0.4393              0.8308                         0.8312                         0.4337
   [12, 6, 7, 7]               0.2882              0.0028              0.4776              0.5498                         0.8262                         0.4502
  [12, 6, 7, 10]               0.4309              0.0025              0.1817              0.6053                         0.8183                         0.4180
  [12, 6, 7, 11]               0.6099              0.0029              0.1754              0.5945                         0.8246                         0.4281
 [12, 6, 10, 10]               0.4416              0.0017              0.5369              0.7507                         0.8251                         0.3841
 [12, 6, 10, 11]               0.6595              0.0014              0.1791              0.7475                         0.8209                         0.3855
 [12, 6, 11, 11]               0.6905              0.0016              0.6067              0.7528                         0.8237                         0.3857
   [12, 7, 7, 7]               0.2981              0.0002              0.8762              1.0000                         0.8334                         0.4393
  [12, 7, 7, 10]               0.4240              0.0005              0.5013              0.6518                         0.8235                         0.4119
  [12, 7, 7, 11]               0.6244              0.0003              0.5092              0.6586                         0.8235                         0.4075
 [12, 7, 10, 10]               0.4364              0.0000              0.5388              0.7842                         0.8265                         0.3848
 [12, 7, 10, 11]               0.6743              0.0000              0.1812              0.7845                         0.8188                         0.3791
 [12, 7, 11, 11]               0.6840              0.0001              0.6005              0.7816                         0.8249                         0.3812
[12, 10, 10, 10]               0.4410              0.0000              0.8761              0.8303                         0.8377                         0.3434
[12, 10, 10, 11]               0.6768              0.0000              0.5722              0.8252                         0.8182                         0.3470
[12, 10, 11, 11]               0.6888              0.0000              0.6040              0.8257                         0.8256                         0.3375
[12, 11, 11, 11]               0.6956              0.0000              0.8815              0.8236                         0.8345                         0.3417
    [4, 4, 4, 4]               0.0000              0.1023              0.9076              0.0014                         0.8644                         0.5884
    [4, 4, 4, 5]               0.0000              0.1042              0.8415              0.0055                         0.8503                         0.5744
    [4, 4, 4, 6]               0.0003              0.1025              0.8398              0.0131                         0.8497                         0.5706
    [4, 4, 4, 7]               0.0009              0.1029              0.8410              0.0239                         0.8561                         0.5633
   [4, 4, 4, 10]               0.0074              0.1119              0.8419              0.0834                         0.8418                         0.5283
   [4, 4, 4, 11]               0.0364              0.1043              0.8359              0.0894                         0.8538                         0.5254
    [4, 4, 5, 5]               0.0000              0.1045              0.9152              0.0099                         0.8412                         0.5590
    [4, 4, 5, 6]               0.0003              0.0992              0.3232              0.0250                         0.8432                         0.5560
    [4, 4, 5, 7]               0.0012              0.1027              0.3205              0.0306                         0.8387                         0.5552
   [4, 4, 5, 10]               0.0092              0.1034              0.3177              0.1143                         0.8445                         0.5192
   [4, 4, 5, 11]               0.0403              0.1033              0.3176              0.1192                         0.8438                         0.5167
    [4, 4, 6, 6]               0.0004              0.1055              0.9196              0.0287                         0.8413                         0.5497
    [4, 4, 6, 7]               0.0027              0.1083              0.3146              0.0393                         0.8408                         0.5508
   [4, 4, 6, 10]               0.0113              0.1049              0.3134              0.1427                         0.8450                         0.5173
   [4, 4, 6, 11]               0.0473              0.0985              0.3131              0.1423                         0.8410                         0.5102
    [4, 4, 7, 7]               0.0046              0.0987              0.9310              0.1000                         0.8449                         0.5285
   [4, 4, 7, 10]               0.0168              0.0973              0.3101              0.1830                         0.8419                         0.5067
   [4, 4, 7, 11]               0.0546              0.0994              0.3217              0.1899                         0.8391                         0.5006
  [4, 4, 10, 10]               0.0253              0.1006              0.9371              0.4583                         0.8410                         0.4642
  [4, 4, 10, 11]               0.0778              0.0994              0.3240              0.4650                         0.8383                         0.4588
  [4, 4, 11, 11]               0.1002              0.1007              0.9468              0.4500                         0.8493                         0.4741
    [4, 5, 5, 5]               0.0000              0.0932              0.8391              0.0218                         0.8491                         0.5578
    [4, 5, 5, 6]               0.0003              0.0900              0.3457              0.0301                         0.8370                         0.5424
    [4, 5, 5, 7]               0.0019              0.0951              0.3529              0.0393                         0.8335                         0.5344
   [4, 5, 5, 10]               0.0101              0.0962              0.3431              0.1384                         0.8341                         0.5091
   [4, 5, 5, 11]               0.0437              0.0911              0.3411              0.1440                         0.8356                         0.4992
    [4, 5, 6, 6]               0.0009              0.0919              0.3739              0.0414                         0.8362                         0.5401
    [4, 5, 6, 7]               0.0024              0.0908              0.1621              0.0950                         0.8379                         0.5370
   [4, 5, 6, 10]               0.0124              0.0871              0.1660              0.2014                         0.8340                         0.4998
   [4, 5, 6, 11]               0.0472              0.0931              0.1615              0.2080                         0.8385                         0.5033
    [4, 5, 7, 7]               0.0042              0.0853              0.4233              0.1200                         0.8426                         0.5284
   [4, 5, 7, 10]               0.0174              0.0789              0.1577              0.2744                         0.8423                         0.4940
   [4, 5, 7, 11]               0.0608              0.0804              0.1653              0.2705                         0.8347                         0.4846
  [4, 5, 10, 10]               0.0253              0.0751              0.4829              0.5100                         0.8387                         0.4470
  [4, 5, 10, 11]               0.0811              0.0763              0.1645              0.4965                         0.8355                         0.4619
  [4, 5, 11, 11]               0.1079              0.0743              0.5410              0.5065                         0.8386                         0.4529
    [4, 6, 6, 6]               0.0003              0.0644              0.8444              0.0919                         0.8571                         0.5351
    [4, 6, 6, 7]               0.0038              0.0599              0.3900              0.1179                         0.8372                         0.5248
   [4, 6, 6, 10]               0.0151              0.0664              0.3977              0.2830                         0.8407                         0.4875
   [4, 6, 6, 11]               0.0499              0.0645              0.3922              0.2853                         0.8369                         0.4947
    [4, 6, 7, 7]               0.0047              0.0644              0.4291              0.1389                         0.8401                         0.5166
   [4, 6, 7, 10]               0.0211              0.0617              0.1624              0.3575                         0.8376                         0.4802
   [4, 6, 7, 11]               0.0677              0.0597              0.1676              0.3720                         0.8324                         0.4694
  [4, 6, 10, 10]               0.0235              0.0578              0.4840              0.5542                         0.8423                         0.4458
  [4, 6, 10, 11]               0.0838              0.0561              0.1646              0.5560                         0.8354                         0.4440
  [4, 6, 11, 11]               0.0974              0.0575              0.5324              0.5423                         0.8402                         0.4577
    [4, 7, 7, 7]               0.0044              0.0506              0.8495              0.1922                         0.8524                         0.5061
   [4, 7, 7, 10]               0.0214              0.0499              0.4403              0.4395                         0.8416                         0.4805
   [4, 7, 7, 11]               0.0650              0.0479              0.4503              0.4454                         0.8384                         0.4685
  [4, 7, 10, 10]               0.0265              0.0490              0.4813              1.0000                         0.8383                         0.4375
  [4, 7, 10, 11]               0.0890              0.0498              0.1624              1.0000                         0.8376                         0.4406
  [4, 7, 11, 11]               0.1003              0.0472              0.5373              1.0000                         0.8452                         0.4422
 [4, 10, 10, 10]               0.0219              0.0458              0.8570              0.6642                         0.8462                         0.4116
 [4, 10, 10, 11]               0.0946              0.0369              0.5133              0.6801                         0.8351                         0.3937
 [4, 10, 11, 11]               0.0997              0.0441              0.5384              0.6708                         0.8391                         0.4048
 [4, 11, 11, 11]               0.1009              0.0381              0.8636              0.6635                         0.8474                         0.4124
    [5, 5, 5, 5]               0.0000              0.0237              0.9030              0.0286                         0.8643                         0.5360
    [5, 5, 5, 6]               0.0002              0.0255              0.8427              0.0410                         0.8462                         0.5468
    [5, 5, 5, 7]               0.0019              0.0263              0.8508              0.0920                         0.8522                         0.5302
   [5, 5, 5, 10]               0.0105              0.0219              0.8510              0.2258                         0.8496                         0.4916
   [5, 5, 5, 11]               0.0415              0.0217              0.8460              0.2259                         0.8519                         0.4908
    [5, 5, 6, 6]               0.0005              0.0241              0.9213              0.0950                         0.8420                         0.5412
    [5, 5, 6, 7]               0.0024              0.0256              0.3666              0.1115                         0.8426                         0.5317
   [5, 5, 6, 10]               0.0148              0.0236              0.3606              0.2655                         0.8378                         0.4879
   [5, 5, 6, 11]               0.0493              0.0245              0.3611              0.2682                         0.8419                         0.4926
    [5, 5, 7, 7]               0.0045              0.0233              0.9285              0.1453                         0.8436                         0.5104
   [5, 5, 7, 10]               0.0169              0.0238              0.3609              0.3566                         0.8446                         0.4857
   [5, 5, 7, 11]               0.0617              0.0246              0.3668              0.3600                         0.8440                         0.4790
  [5, 5, 10, 10]               0.0249              0.0239              0.9396              0.5578                         0.8498                         0.4422
  [5, 5, 10, 11]               0.0826              0.0222              0.3580              0.5508                         0.8450                         0.4492
  [5, 5, 11, 11]               0.1013              0.0226              0.9458              0.5538                         0.8507                         0.4462
    [5, 6, 6, 6]               0.0003              0.0222              0.8479              0.1176                         0.8521                         0.5321
    [5, 6, 6, 7]               0.0041              0.0201              0.4014              0.1360                         0.8348                         0.5166
   [5, 6, 6, 10]               0.0134              0.0228              0.3847              0.3340                         0.8467                         0.4951
   [5, 6, 6, 11]               0.0522              0.0234              0.3909              0.3393                         0.8410                         0.4823
    [5, 6, 7, 7]               0.0046              0.0197              0.4192              0.2135                         0.8422                         0.5065
   [5, 6, 7, 10]               0.0202              0.0217              0.1642              0.4454                         0.8358                         0.4784
   [5, 6, 7, 11]               0.0655              0.0193              0.1632              0.4433                         0.8368                         0.4767
  [5, 6, 10, 10]               0.0241              0.0191              0.4785              1.0000                         0.8381                         0.4389
  [5, 6, 10, 11]               0.0845              0.0178              0.1699              1.0000                         0.8301                         0.4370
  [5, 6, 11, 11]               0.0998              0.0169              0.5317              1.0000                         0.8380                         0.4391
    [5, 7, 7, 7]               0.0033              0.0147              0.8526              0.2826                         0.8476                         0.4966
   [5, 7, 7, 10]               0.0246              0.0108              0.4450              0.4863                         0.8440                         0.4611
   [5, 7, 7, 11]               0.0651              0.0133              0.4458              0.4852                         0.8399                         0.4629
  [5, 7, 10, 10]               0.0239              0.0121              0.4860              0.8318                         0.8395                         0.4308
  [5, 7, 10, 11]               0.0887              0.0139              0.1747              0.8323                         0.8253                         0.4225
  [5, 7, 11, 11]               0.1036              0.0121              0.5451              0.8299                         0.8366                         0.4293
 [5, 10, 10, 10]               0.0237              0.0098              0.8543              0.7175                         0.8484                         0.3910
 [5, 10, 10, 11]               0.0913              0.0114              0.5006              0.7140                         0.8393                         0.3986
 [5, 10, 11, 11]               0.0989              0.0097              0.5357              0.7171                         0.8413                         0.3958
 [5, 11, 11, 11]               0.0965              0.0075              0.8637              0.7183                         0.8484                         0.3909
    [6, 6, 6, 6]               0.0005              0.0048              0.9152              0.1339                         0.8695                         0.5240
    [6, 6, 6, 7]               0.0032              0.0048              0.8450              0.2107                         0.8477                         0.5132
   [6, 6, 6, 10]               0.0126              0.0039              0.8484              0.4463                         0.8509                         0.4795
   [6, 6, 6, 11]               0.0540              0.0046              0.8507              0.4413                         0.8546                         0.4803
    [6, 6, 7, 7]               0.0030              0.0038              0.9278              0.2961                         0.8461                         0.5043
   [6, 6, 7, 10]               0.0245              0.0033              0.4246              0.4895                         0.8361                         0.4695
   [6, 6, 7, 11]               0.0671              0.0044              0.4158              0.4968                         0.8366                         0.4635
  [6, 6, 10, 10]               0.0234              0.0032              0.9396              0.8299                         0.8443                         0.4344
  [6, 6, 10, 11]               0.0813              0.0033              0.4208              0.8330                         0.8387                         0.4287
  [6, 6, 11, 11]               0.0950              0.0044              0.9430              0.8373                         0.8496                         0.4300
    [6, 7, 7, 7]               0.0038              0.0023              0.8517              0.3682                         0.8487                         0.4867
   [6, 7, 7, 10]               0.0203              0.0037              0.4408              0.5364                         0.8479                         0.4636
   [6, 7, 7, 11]               0.0672              0.0034              0.4491              0.5448                         0.8369                         0.4552
  [6, 7, 10, 10]               0.0260              0.0048              0.4718              0.6006                         0.8406                         0.4217
  [6, 7, 10, 11]               0.0912              0.0028              0.1642              0.6033                         0.8358                         0.4179
  [6, 7, 11, 11]               0.1044              0.0033              0.5323              0.5998                         0.8419                         0.4234
 [6, 10, 10, 10]               0.0229              0.0017              0.8588              0.7499                         0.8433                         0.3862
 [6, 10, 10, 11]               0.0959              0.0017              0.5070              0.7502                         0.8418                         0.3892
 [6, 10, 11, 11]               0.1035              0.0013              0.5352              0.7435                         0.8357                         0.3906
 [6, 11, 11, 11]               0.1047              0.0011              0.8597              0.7465                         0.8497                         0.3924
    [7, 7, 7, 7]               0.0047              0.0006              0.9269              0.4154                         0.8546                         0.4785
   [7, 7, 7, 10]               0.0195              0.0003              0.8579              1.0000                         0.8477                         0.4499
   [7, 7, 7, 11]               0.0648              0.0005              0.8545              1.0000                         0.8485                         0.4449
  [7, 7, 10, 10]               0.0240              0.0003              0.9393              0.6441                         0.8437                         0.4203
  [7, 7, 10, 11]               0.0883              0.0005              0.4724              0.6491                         0.8384                         0.4156
  [7, 7, 11, 11]               0.0993              0.0003              0.9452              0.6510                         0.8466                         0.4102
 [7, 10, 10, 10]               0.0256              0.0002              0.8501              0.7863                         0.8544                         0.3774
 [7, 10, 10, 11]               0.0954              0.0000              0.5082              0.7900                         0.8348                         0.3743
 [7, 10, 11, 11]               0.0981              0.0003              0.5330              0.7871                         0.8458                         0.3790
 [7, 11, 11, 11]               0.0961              0.0001              0.8611              0.7847                         0.8503                         0.3857
[10, 10, 10, 10]               0.0263              0.0000              0.9354              0.8270                         0.8635                         0.3358
[10, 10, 10, 11]               0.0947              0.0000              0.8584              0.8194                         0.8456                         0.3488
[10, 10, 11, 11]               0.1007              0.0000              0.9474              0.8266                         0.8428                         0.3390
[10, 11, 11, 11]               0.1026              0.0000              0.8642              0.8209                         0.8482                         0.3467
[11, 11, 11, 11]               0.1011              0.0000              0.9446              0.8232                         0.8626                         0.3460